% Coding: Male 0, Female 1

mpsexx = [0
	 0
	 0
	 0
	 1
	 1
	 1
	 1
	 1
	 0
	 0
	 0
	 0
	 1
	 0
	 1
	 0
	 1
	 0
	 0
	 1
	 1
	 0
	 1
	 0
	 1
	 1
	 1
	 0
	 1
	 0
	 0
	 1
	 1
	 0
	 0
	 1
	 0
	 0
	 1
	 0
	 0
	 1
	 1
	 1
	 1
	 1
	 0
	 1
	 1
	 0
	 0
	 1
	 0
	 0
	 0
	 1
	 0
	 0
	 1
	 1
	 1
	 1
	 1
	 1
	 0
	 1
	 0
	 0
	 1
	 1
	 1
	 0
	 0
	 0
	 0
	 1
	 1
	 1
	 0
	 0
	 0
	 0
	 1
	 1
	 0
	 0
	 1
	 1
	 1
	 0
	 0
	 1
	 1
	 0
	 0
	 1
	 1
	 0
	 0
	 1
	 0
	 1
	 1
	 0
	 1
	 0
	 1
	 1
	 0
	 0
	 0
	 1
	 1
	 1
	 1
	 0
	 1
	 1
	 0
	 0
	 0
	 0
	 0
	 0
	 1
	 0
	 0
	 0
	 1
	 0
	 0
	 0
	 1
	 1
	 0
	 0
	 1
	 1
	 0
	 0
	 0
	 0
	 1
	 1
	 1
	 0
	 1
	 1
	 0
	 0
	 0
	 0
	 0
	 1
	 0
	 1
	 0
	 0
	 0
	 1
	 1
	 0
	 0
	 1
	 0
	 1
	 0
	 0
	 1
	 1
	 0
	 1
	 0
	 1
	 1
	 0
	 0
	 1
	 0
	 1
	 0
	 0
	 0
	 1
	 0
	 1
	 0
	 0
	 0
	 1
	 0
	 0
	 0
	 0
	 0
	 0
	 1
	 0
	 0
	 1
	 0
	 0
	 0
	 1
	 1
	 0
	 1
	 1
	 0
	 1
	 0
	 1
	 0
	 0
	 1
	 1
	 0
	 0
	 0
	 1
	 0
	 1
	 1
	 1
	 0
	 1
	 1
	 0
	 1
	 0
	 1
	 1
	 0
	 1
	 0
	 1
	 1
	 1
	 0
	 1
	 0
	 0
	 1
	 1
	 1
	 0
	 0
	 0
	 1
	 0
	 0
	 1
	 0
	 1
	 0
	 1
	 0
	 1
	 1
	 1
	 1
	 0
	 0
	 0
	 0
	 0
	 1
	 1
	 0
	 1
	 0
	 0
	 0
	 0
	 1
	 0
	 0
	 1
	 0
	 1
	 1
	 0
	 1
	 1
	 0
	 0
	 1
	 0
	 0
	 1
	 0
	 0
	 0
	 0
	 1
	 0
	 0
	 0
	 1
	 1
	 0
	 0
	 0
	 0
	 0
	 0
	 1
	 1
	 1
	 0
	 0
	 1
	 1
	 1
	 0
	 1
	 1
	 0
	 1
	 0
	 0
	 0
	 1
	 0
	 1
	 0
	 1
	 1
	 0
	 0
	 1
	 0
	 1
	 1
	 1
	 0
	 1
	 0
	 1
	 1
	 1
	 0
	 0
	 1
	 1
	 1
	 0
	 1];
